# Annual region-averaged outputs (area*landfrac weighted)
# Case: 20260422_coastal_LA_ICB20TRCNPRDCTCBC_baseline
# Years: 1850 - 2024
#
# Variables:
#   GPP: gross primary production (annual sum, gC/m2/yr)
#   NPP: net primary production (annual sum, gC/m2/yr)
#   ER: total ecosystem respiration, autotrophic + heterotrophic (annual sum, gC/m2/yr)
#   NEE: net ecosystem exchange of carbon, includes fire, landuse, harvest, and hrv_xsmrpool flux, positive for source (annual sum, gC/m2/yr)
#   NBP: net biome production, includes fire, landuse, and harvest flux, positive for sink (annual sum, gC/m2/yr)
#   NEP: net ecosystem production, excludes fire, landuse, and harvest flux, positive for sink (annual sum, gC/m2/yr)
#   HR: total heterotrophic respiration (annual sum, gC/m2/yr)
#   FSH: sensible heat (annual mean, W/m^2)
#   EFLX_LH_TOT: total latent heat flux [+ to atm] (annual mean, W/m^2)
#   FPSN: photosynthesis (annual mean, umol/m2s)
#   TOTSOMC: total soil organic matter carbon (annual mean, gC/m^2)
#   TOTVEGC: total vegetation carbon, excluding cpool (annual mean, gC/m^2)
#   TOTECOSYSC: total ecosystem carbon, incl veg but excl cpool but excl product pools (annual mean, gC/m^2)
#
Year	GPP	NPP	ER	NEE	NBP	NEP	HR	FSH	EFLX_LH_TOT	FPSN	TOTSOMC	TOTVEGC	TOTECOSYSC
1850	188.899233	95.137238	188.251998	3.633241	-3.553711	0.888718	94.490004	19.108798	36.236172	43088.181271	5671.090463	1422.687556	7680.047922
1851	175.068113	88.022183	174.859963	4.797420	-5.406522	0.121667	87.814033	19.312020	35.846024	39933.283194	5672.803509	1409.811234	7679.443183
1852	169.138883	83.822449	168.651704	0.576937	-0.667976	0.467447	83.335270	23.940196	36.030274	38580.817532	5675.256440	1401.245132	7676.918782
1853	173.405756	86.247693	178.075415	5.200755	-5.833068	-5.258013	90.917352	17.377439	34.597577	39554.097306	5676.337250	1398.634215	7673.076096
1854	182.197299	92.448763	181.132852	1.890824	-2.488126	1.070911	91.384316	18.579939	36.830938	41559.460557	5673.590222	1400.843667	7664.633434
1855	179.208003	90.968482	176.044595	-0.264122	0.081026	3.380555	87.805074	17.084779	34.891951	40877.598083	5672.457377	1398.206169	7665.999020
1856	170.309827	85.098906	172.195619	8.607039	-9.099419	-2.066686	86.984698	19.918341	34.663241	38847.911682	5673.994679	1386.392452	7662.831149
1857	174.887379	87.071840	182.109420	8.254448	-9.068797	-7.941507	94.293881	24.406713	34.371980	39892.057557	5673.265845	1380.881461	7650.141318
1858	169.885066	84.654621	173.100062	4.655159	-5.097537	-3.502135	87.869618	19.465732	34.897598	38751.023030	5672.592103	1378.082775	7649.403984
1859	168.451888	84.139610	168.311515	1.093226	-1.218776	0.108395	83.999236	20.278990	33.576895	38424.113141	5673.199322	1374.474481	7646.913720
1860	163.480611	81.496684	162.507409	-0.187199	0.219985	1.078413	80.523481	25.658224	35.395524	37290.157677	5674.144158	1370.219676	7645.426376
1861	174.001138	87.803784	173.829107	0.431853	-0.496734	0.167223	87.631752	18.122287	36.656537	39689.904855	5674.817739	1369.742770	7645.580567
1862	168.261553	84.970581	166.278858	-1.443609	1.597194	2.191241	82.987886	22.613156	36.994814	38380.697307	5675.542221	1369.267650	7646.354037
1863	164.638442	82.307949	171.037933	6.946355	-7.585573	-6.973241	88.707439	18.414773	34.702811	37554.260696	5675.600864	1366.708067	7641.764455
1864	168.368215	84.201825	168.788946	0.881709	-0.966946	-0.456607	84.622557	17.454525	36.232381	38405.027011	5675.337634	1364.064013	7639.580839
1865	177.894843	90.778463	178.509628	1.056166	-1.165490	-0.675770	91.393248	19.175154	37.074569	40578.064495	5672.591772	1368.442510	7633.223917
1866	184.330971	95.028283	182.034588	-1.863986	2.015299	2.496077	92.731899	18.422404	36.907923	42046.154296	5669.903675	1375.065296	7635.725900
1867	174.150596	88.405005	169.070009	-4.563959	4.973325	5.543721	83.324418	19.492393	36.284087	39723.996298	5670.141397	1376.616935	7641.921446
1868	176.715746	88.185177	181.192578	5.468495	-6.096618	-4.912446	92.662010	19.216675	35.939612	40309.110611	5669.747453	1377.523129	7638.582569
1869	179.018241	89.111024	175.923528	-2.600779	2.836407	3.394839	86.016310	16.862119	35.717606	40834.313192	5667.421192	1381.367993	7638.431606
1870	186.313257	93.762912	185.976875	0.507701	-0.452676	0.469299	93.426530	19.249348	36.043781	42498.316528	5665.860104	1383.959739	7636.867275
1871	174.548713	87.542006	173.250020	3.544259	-4.389284	1.354699	86.243314	19.406457	35.761781	39814.807328	5667.111563	1375.889590	7638.506699
1872	169.258061	83.795591	167.943265	2.545788	-2.712176	1.386408	82.480796	24.023481	35.996047	38608.002141	5669.303412	1365.049477	7635.553003
1873	173.532769	86.234859	177.361706	7.803694	-8.503724	-4.281463	90.063796	17.459446	34.544664	39583.069154	5670.368111	1357.386024	7629.351971
1874	182.383762	92.425669	180.716347	-0.435009	0.412277	1.779412	90.758254	18.649048	36.769394	41601.993126	5667.643332	1359.445061	7621.047868
1875	179.881304	91.185063	176.000644	-2.741198	2.949885	4.217015	87.304403	17.141533	34.871483	41031.178978	5666.630948	1361.872345	7625.180460
1876	172.554401	86.202075	172.401779	1.275637	-1.244657	0.320743	86.049453	19.939781	34.663170	39359.902021	5668.033999	1358.600639	7627.161115
1877	177.446882	88.359913	183.260108	7.371483	-7.984865	-6.285441	94.173140	24.360646	34.471287	40475.883889	5667.494205	1358.003534	7618.787426
1878	173.072407	86.315129	174.248164	2.272731	-2.288988	-1.067652	87.490887	19.545680	34.898290	39478.059793	5666.992762	1355.904250	7619.471412
1879	171.412810	85.624388	169.958802	0.500045	-0.667763	1.525150	84.170380	20.239441	33.609872	39099.503564	5668.072732	1351.591700	7618.826095
1880	166.139301	82.744942	164.060345	-0.896078	0.986335	2.309134	80.665986	25.635887	35.394911	37896.608717	5669.516085	1346.129508	7617.813130
1881	176.829705	89.222199	175.406858	3.476856	-3.588992	1.607215	87.799352	18.169337	36.639607	40335.104888	5670.552516	1341.526200	7616.744130
1882	170.473195	86.075845	167.720187	-1.250048	1.398716	3.059835	83.322837	22.696592	36.934041	38885.175959	5671.636466	1336.567218	7615.703749
1883	166.803409	83.319218	172.257945	7.546386	-8.206613	-5.886475	88.773753	18.491947	34.633236	38048.092640	5671.981240	1332.735560	7610.793114
1884	170.318659	85.166366	170.268423	2.263356	-2.477958	0.071002	85.116130	17.648422	36.059218	38849.926123	5672.101732	1327.595142	7607.472737
1885	179.858589	91.840276	179.423542	1.746947	-1.902718	0.531289	91.405229	19.313387	36.912775	41025.997661	5669.484638	1330.095908	7600.014199
1886	186.105695	95.904679	183.070339	1.517015	-1.462128	3.395042	92.869323	18.636609	36.685528	42450.971288	5666.918184	1332.588684	7600.371060
1887	175.316825	88.978722	170.074774	-3.350944	3.668731	5.765070	83.736672	19.640245	36.067701	39990.014760	5667.350201	1330.112389	7604.189321
1888	177.749854	88.646594	181.838994	7.091861	-7.701671	-4.448754	92.735734	19.455595	35.655641	40544.992229	5667.080725	1329.466961	7599.428239
1889	180.451155	89.796360	177.659552	-0.523453	0.664345	3.191762	87.004757	17.128560	35.430012	41161.162874	5664.406596	1331.992328	7597.108864
1890	188.216527	94.792330	187.522055	1.912257	-1.909526	1.002958	94.097858	19.505911	35.763965	42932.455001	5662.565733	1332.906111	7593.813802
1891	175.034577	87.722135	174.041822	1.110093	-1.323598	1.025136	86.729381	19.621373	35.458334	39925.633742	5663.870697	1327.120275	7596.580331
1892	169.446041	83.665127	168.259742	4.137840	-4.409095	1.274391	82.478828	24.304399	35.723009	38650.880834	5666.078571	1318.877269	7594.452907
1893	173.473325	86.028763	177.329585	6.889779	-7.699333	-4.319059	89.885023	17.718771	34.179891	39569.510010	5667.031228	1310.975498	7588.008272
1894	182.450246	92.347878	180.410605	0.479691	-0.628706	2.179574	90.308238	18.883655	36.383783	41617.158144	5664.106736	1313.283657	7579.733040
1895	179.955976	91.204594	176.269758	4.456373	-4.833645	4.036085	87.518377	17.424435	34.486315	41048.211665	5662.864204	1308.202764	7579.441508
1896	171.686799	85.757595	172.429160	4.149616	-4.326487	-0.560452	86.499956	20.163992	34.264626	39162.000931	5664.092327	1296.996371	7576.221604
1897	176.762290	87.980103	182.180783	9.194041	-9.932120	-5.776117	93.398596	24.631345	34.048494	40319.727385	5663.176741	1294.002020	7565.589676
1898	172.770818	86.091070	174.581132	7.866777	-8.124696	-1.590317	87.901384	19.703095	34.576339	39409.266968	5662.205406	1286.809252	7562.210668
1899	172.608493	86.313602	169.914948	1.549889	-1.411467	3.310973	83.620057	20.460377	33.156625	39372.240469	5662.447155	1279.441439	7558.085045
1900	165.803800	82.499271	164.036467	1.799989	-1.882716	2.102467	80.731938	25.918109	34.931983	37820.080420	5663.603361	1271.550064	7555.546637
1901	176.064974	88.533065	175.090207	3.333004	-3.629671	1.166426	87.558299	18.485388	36.154652	40160.668635	5664.718354	1265.863182	7553.059881
1902	168.615966	84.856200	167.539050	2.780024	-3.198504	1.118806	83.779284	22.914471	36.528455	38461.539461	5665.910596	1258.751507	7550.136243
1903	165.056001	82.104448	171.339449	10.253096	-11.266646	-6.819530	88.387897	18.769572	34.122958	37649.506373	5666.134041	1251.462437	7541.682039
1904	167.349519	83.312742	169.078502	8.615193	-9.444513	-1.969944	85.041724	17.894757	35.617873	38172.661108	5666.030234	1240.201072	7533.978842
1905	177.131718	90.095919	177.386713	5.022664	-5.514837	-0.212381	90.350914	19.569828	36.454854	40403.994594	5662.848789	1237.370849	7521.854902
1906	184.277366	94.721998	181.609287	1.880869	-2.061578	3.029038	92.053919	18.944707	36.251319	42033.926871	5660.008718	1238.598245	7520.378144
1907	172.999211	87.742200	169.031879	0.685929	-0.900779	4.312669	83.774868	19.878485	35.638868	39461.363792	5660.538932	1233.745535	7521.992019
1908	175.609896	87.427835	180.157999	9.322440	-10.289738	-4.935880	91.975938	19.676925	35.212785	40056.864757	5660.015008	1229.984404	7514.207859
1909	179.391261	89.248855	177.199014	3.976119	-4.242754	2.597562	87.056608	17.509320	34.972996	40919.399336	5656.457251	1229.529326	7508.089499
1910	187.152151	94.319511	186.247806	7.439507	-7.724759	1.313480	93.415165	19.832786	35.277633	42689.669464	5654.211579	1223.385600	7500.294015
1911	170.929665	85.675960	172.481909	7.052317	-8.003580	-1.849658	87.228203	19.923581	34.921117	38989.297575	5655.727367	1208.949032	7497.061710
1912	164.835795	81.065936	165.202472	5.955311	-6.749040	-0.490450	81.432613	24.598819	35.243747	37599.277141	5657.731000	1199.114087	7491.024992
1913	169.212877	83.584909	174.432882	10.915131	-12.314849	-5.931886	88.804914	18.076586	33.623185	38597.695834	5658.067927	1190.190224	7481.664635
1914	178.741812	90.254061	176.969999	4.038739	-4.680920	1.837074	88.482247	19.206569	35.848165	40771.259355	5654.242812	1189.227916	7470.003821
1915	179.085488	90.775280	174.840977	1.677130	-1.957618	4.690157	86.530769	17.733542	34.037289	40849.652218	5652.427315	1186.271162	7469.299466
1916	169.508605	84.744083	171.320828	7.972593	-8.826147	-1.915240	86.556306	20.450354	33.847922	38665.151718	5653.659083	1176.073675	7465.670905
1917	173.570717	86.246461	179.393646	17.341489	-18.753823	-6.284114	92.069390	24.942098	33.635910	39591.725149	5652.300201	1165.433288	7449.222949
1918	166.770175	82.663975	171.584675	11.464926	-12.634848	-5.195757	87.478475	20.045639	34.038840	38040.511901	5651.426227	1150.613340	7439.770778
1919	167.910183	83.475534	166.687517	5.455641	-5.954442	1.528278	82.252867	20.835093	32.688903	38300.549512	5650.965563	1142.712964	7431.692222
1920	163.020694	80.957563	161.157659	5.190437	-5.641804	2.238920	79.094529	26.150883	34.589783	37185.249856	5651.201351	1132.586926	7425.735729
1921	168.185365	84.297619	169.303518	7.960986	-8.671658	-0.997789	85.415772	20.556199	32.193720	38363.318854	5651.748960	1123.369296	7418.966621
1922	166.073204	83.534113	163.853299	4.689438	-4.941576	2.805577	81.314207	22.954398	37.686140	37881.531992	5652.082440	1115.218578	7412.812771
1923	162.203783	80.973465	164.539437	9.294481	-10.475898	-2.668693	83.309118	18.284926	37.327172	36998.911472	5652.857023	1104.790815	7405.084449
1924	162.840070	81.256672	167.197823	11.361989	-12.773259	-4.916330	85.614425	19.915616	35.248719	37144.049476	5652.962306	1095.135363	7395.770552
1925	164.273007	82.176310	163.291639	6.053846	-6.947534	0.943844	81.194941	18.235854	36.226646	37470.904396	5652.012145	1088.215927	7386.607877
1926	165.813062	83.209794	162.456120	3.693972	-4.266169	3.645451	79.852852	20.876831	38.442093	37822.193124	5651.061550	1083.411933	7382.196337
1927	161.876191	80.769705	167.672310	15.380890	-16.815292	-6.268527	86.565824	19.011751	36.308825	36924.187212	5649.280541	1075.316911	7370.390048
1928	159.864572	79.069134	157.373889	4.752084	-5.247734	2.862377	76.578451	19.363537	34.209243	36465.334141	5647.733695	1066.027324	7361.844221
1929	172.873135	86.488852	174.522890	8.838559	-9.722051	-1.665701	88.138607	14.558855	36.353866	39432.605712	5644.976700	1063.491744	7351.511257
1930	180.741429	92.609727	177.136341	3.527138	-3.825966	4.167282	89.004639	21.084902	32.994431	41227.374573	5642.176200	1064.664872	7348.005405
1931	186.563868	95.836277	180.577443	1.360866	-1.452495	6.826737	89.849853	17.974528	34.688772	42555.481104	5637.999689	1072.211450	7344.628570
1932	174.405494	88.040368	167.942220	0.513245	-0.683254	7.142684	81.577095	23.069211	37.785054	39782.138984	5638.222977	1067.676688	7345.774430
1933	166.695873	81.632484	176.076870	16.278595	-18.203580	-10.465361	91.013480	18.985642	33.340679	38023.563574	5639.701382	1058.202381	7336.489139
1934	173.696354	85.236308	169.287013	2.412994	-2.783505	4.872148	80.826967	19.751434	36.075261	39620.383228	5638.908866	1054.586996	7329.362158
1935	177.408354	88.525724	172.054609	1.392363	-1.759003	5.815340	83.171978	17.420671	38.269252	40467.095782	5638.851932	1051.467358	7326.644721
1936	183.482791	92.523380	179.592465	3.087187	-3.528939	4.283179	88.633053	17.318124	36.862323	41852.683316	5636.712890	1054.703489	7322.199238
1937	178.259094	89.186283	171.983392	0.342644	-0.588299	6.845515	82.910581	14.978527	37.883518	40661.150658	5636.839089	1052.080414	7323.321322
1938	177.149731	87.321908	179.099286	8.482146	-9.425674	-2.086448	89.271462	17.712062	35.105099	40408.103401	5635.036333	1053.167920	7315.137302
1939	187.050592	92.619574	182.238760	1.639360	-1.805620	5.439372	87.807742	19.142461	35.232649	42666.503719	5631.150329	1055.864180	7309.109890
1940	185.771191	92.459315	179.808829	0.402515	-0.486016	6.666417	86.496953	18.416926	34.204235	42374.670390	5631.115474	1055.062968	7312.295021
1941	193.856526	97.195310	186.112966	-1.456135	1.557438	8.626666	89.451750	17.467355	34.459292	44218.946778	5628.791012	1061.975915	7309.305863
1942	193.517931	97.832737	187.051331	-0.240906	0.045092	7.044220	91.366138	20.384590	36.178418	44141.712761	5627.527318	1064.206243	7309.100196
1943	165.655500	80.098311	159.201869	0.519094	-0.588982	7.221971	73.644679	20.077690	37.972074	37786.253052	5629.112275	1058.392013	7313.057057
1944	153.878108	71.328130	165.923825	18.210454	-20.233697	-13.309313	83.373847	21.264694	37.724062	35099.813230	5633.599715	1039.969975	7303.889424
1945	171.141168	83.056996	165.867330	0.833053	-0.955118	5.900674	77.783159	24.052063	36.408534	39037.541576	5635.317991	1032.250803	7294.715027
1946	163.997971	81.024206	165.510443	7.551405	-8.461835	-1.679563	82.536678	20.850185	34.411048	37408.168399	5636.386100	1025.297225	7290.048624
1947	159.237278	78.858253	161.023920	7.756267	-8.685555	-1.982577	80.644894	19.215766	33.453222	36322.247691	5637.841741	1016.266168	7282.762156
1948	184.260696	94.714936	181.117443	2.771881	-3.140554	3.500262	91.571683	19.346718	33.257491	42030.124421	5634.916557	1019.826874	7273.859793
1949	171.323850	87.343969	165.698366	-0.124483	0.279911	6.340426	81.718485	15.230919	34.492037	39079.211612	5631.274632	1029.481951	7275.583985
1950	171.665228	84.806535	171.373688	4.327845	-4.601285	0.487287	84.514995	16.218802	37.064564	39157.080409	5628.786024	1037.040619	7271.334842
1951	175.589870	86.007015	178.112155	6.433567	-6.762196	-2.453957	88.529300	19.165775	30.907823	40052.296755	5625.383727	1043.833291	7265.602826
1952	165.718998	80.926320	165.040722	2.663569	-2.937207	0.743518	80.248044	16.826756	33.451182	37800.736940	5623.363898	1047.013200	7263.132616
1953	179.783693	89.634338	181.050328	4.273064	-4.788116	-1.433713	90.900973	13.692830	31.424007	41008.913870	5620.775529	1052.244882	7257.526356
1954	186.231698	95.804892	176.462032	-6.296106	6.931887	10.882345	86.035227	20.331453	30.058495	42479.712703	5615.484732	1063.405145	7258.616388
1955	166.411807	82.644115	173.445799	10.488202	-11.623677	-7.706064	89.678107	15.896689	34.276183	37958.767769	5613.522355	1060.090149	7256.144083
1956	163.149088	78.659658	164.391607	5.032493	-5.738894	-1.455314	79.902177	21.978401	31.667655	37214.536896	5613.171435	1050.364230	7249.842962
1957	166.692970	82.389181	162.778313	0.124719	-0.306527	4.248464	78.474524	14.639864	32.538369	38022.901435	5613.410319	1044.573401	7248.719061
1958	167.393080	84.499579	166.536671	3.351207	-3.769490	0.964436	83.643170	16.013386	32.576593	38182.597489	5611.414905	1044.185566	7243.212120
1959	168.608880	84.923194	168.033352	3.727557	-4.135154	0.698360	84.347666	13.944640	31.603030	38459.923158	5609.337590	1044.059057	7242.497103
1960	170.058505	86.369702	162.961785	-2.757331	3.017341	7.887130	79.272983	22.715967	32.100755	38790.584543	5605.895812	1046.354003	7236.878368
1961	182.813004	93.826994	171.684863	-6.223286	6.990126	12.435939	82.698854	19.532634	32.402509	41699.903725	5604.935657	1051.533801	7245.402600
1962	200.407565	104.636013	176.751018	-19.260077	21.389411	26.311585	80.979466	18.446785	34.843904	45713.248026	5603.938366	1065.749136	7258.352538
1963	187.359040	97.001378	180.126047	-2.636877	2.794858	7.919024	89.768385	25.174091	35.358802	42736.861063	5604.806784	1072.906919	7267.451922
1964	165.888028	81.585075	165.546633	6.417324	-6.960037	0.399944	81.243680	16.671219	36.223938	37839.292934	5604.283073	1072.169813	7264.915106
1965	171.851651	83.116700	172.443036	5.328254	-5.934604	-0.636509	83.708085	20.150733	31.232432	39199.603885	5605.677323	1063.425583	7263.974931
1966	178.405034	88.299969	171.422871	-2.233253	2.284016	7.580649	81.317805	21.631685	35.486692	40694.439743	5606.026218	1063.633190	7261.600117
1967	198.942739	101.501834	185.665304	-8.818384	9.718511	14.720809	88.224399	16.188368	39.918973	45379.119169	5604.700054	1073.159599	7268.004218
1968	177.855377	90.480526	164.928764	-8.152243	8.987929	14.322738	77.553913	18.429481	33.989182	40569.062079	5603.625871	1079.551405	7273.559144
1969	179.677790	87.557734	184.267211	9.305541	-10.208912	-4.885251	92.147154	15.456224	39.041741	40984.757123	5603.251129	1079.263594	7272.004892
1970	192.236260	95.011905	184.601674	-3.098143	3.521638	8.622036	87.377318	18.654111	33.502283	43849.361946	5599.090468	1086.711102	7269.724390
1971	156.062037	74.796120	160.574657	9.069212	-10.353373	-5.226882	79.308741	17.326888	33.126251	35597.970478	5601.448238	1073.949528	7270.931410
1972	168.583768	81.755293	169.800678	5.792910	-6.526544	-1.382564	82.972203	21.506937	34.142251	38454.195084	5602.735070	1064.182783	7257.599235
1973	170.118109	84.036818	168.265389	3.041371	-3.436805	2.037299	82.184098	17.733094	35.941296	38804.180493	5601.788441	1062.166015	7257.227637
1974	174.365591	87.319508	172.922677	9.373466	-10.331220	1.596876	85.876594	22.128395	32.851084	39773.037167	5599.729766	1057.859677	7249.747589
1975	183.832658	94.817266	176.606113	-2.168113	2.423684	8.084910	87.590721	20.906594	32.209275	41932.488447	5596.548238	1057.083621	7244.934231
1976	169.091443	86.333573	164.741732	0.557138	-0.595993	4.903064	81.983862	14.384799	31.058324	38569.996368	5594.472406	1058.902219	7242.632683
1977	184.335031	92.788036	176.952947	-2.552034	2.806594	8.224935	85.405952	14.649153	33.586776	42047.080422	5592.673377	1062.106028	7243.082121
1978	188.086211	95.405025	175.995921	-7.283325	8.203774	13.612817	83.314735	16.896003	35.759459	42902.729866	5592.615708	1068.507316	7253.631978
1979	199.735777	102.048236	186.997223	-7.575419	8.555393	14.342615	89.309682	15.174919	39.257138	45560.012153	5591.419992	1077.973515	7257.521610
1980	174.426555	87.395374	165.417620	-3.957893	4.448492	10.122532	78.386438	15.750094	37.352045	39786.943078	5592.201935	1081.753890	7270.548131
1981	197.541151	99.331897	177.599393	-15.025833	16.531396	22.059162	79.390139	22.557530	34.571333	45059.414849	5594.658777	1085.102156	7276.910442
1982	193.723675	97.321720	184.368634	-4.127658	4.518282	10.440982	87.966678	19.622488	40.018085	44188.643413	5594.905634	1094.188218	7284.009746
1983	200.626484	100.858068	186.051180	-9.652336	10.687067	16.234922	86.282764	13.776555	39.118285	45763.183722	5595.218196	1099.764363	7291.657377
1984	201.802011	99.780806	193.635443	-3.184479	3.225295	8.850593	91.614238	18.070347	36.115463	46031.323132	5598.141563	1100.523514	7299.507913
1985	177.841816	85.234835	181.238520	8.445397	-9.623423	-3.925238	88.631540	21.303360	34.159437	40565.968761	5600.734966	1096.905128	7297.907667
1986	192.481275	92.476141	185.554153	-1.629307	1.697366	7.666335	85.549019	20.125338	35.064778	43905.250108	5600.038061	1096.111453	7293.475385
1987	197.357759	97.866054	187.816084	-4.349724	4.553343	10.414692	88.324379	15.389386	38.154438	45017.582963	5597.107320	1102.371424	7293.835940
1988	201.589275	100.740802	189.619169	-6.727752	7.291933	13.207046	88.770696	14.565594	35.416029	45982.797880	5594.938368	1109.786285	7298.608437
1989	222.135702	112.158714	201.944295	-14.651376	15.935392	22.225134	91.967308	19.614514	37.817635	50669.466582	5595.059231	1118.350124	7309.518290
1990	218.729881	110.969588	204.725671	-8.637726	9.443375	15.525029	96.965378	17.474570	37.248602	49892.594210	5595.815988	1131.192231	7323.170988
1991	190.301989	92.220558	183.042059	-1.726137	1.888343	8.147247	84.960629	16.445541	39.832793	43408.151797	5598.143666	1132.225196	7332.456680
1992	202.345137	97.927117	190.047953	-6.609523	7.453868	13.872433	85.629933	15.085894	38.441785	46155.210938	5596.820069	1135.946792	7330.403386
1993	214.411549	105.185822	200.706637	-7.882750	8.693503	15.262572	91.480909	14.414243	41.001025	48907.576635	5596.869345	1137.486945	7335.927643
1994	190.244346	91.580032	184.559740	0.276183	-0.412244	6.327677	85.895427	16.445593	36.843898	43395.003358	5601.251585	1132.053426	7348.198679
1995	200.270575	96.044323	197.484660	3.345154	-4.153248	2.779121	93.258409	18.618912	33.799281	45682.000330	5607.093426	1122.276631	7343.748394
1996	201.203221	98.500382	196.506288	1.609735	-2.096345	5.028819	93.803449	17.036180	40.773481	45894.738361	5609.453319	1115.391635	7339.112573
1997	193.661628	95.152567	185.580300	-1.407813	1.366765	8.891576	87.071239	17.201678	40.006525	44174.490257	5612.347119	1109.240335	7341.584484
1998	196.653677	96.533716	194.313727	4.317005	-4.911761	2.609985	94.193766	13.559413	37.102054	44856.980957	5612.256776	1108.777592	7336.174816
1999	199.358888	97.853505	190.921466	-1.565336	1.586088	9.350129	89.416082	14.913822	35.479796	45474.043381	5608.720823	1111.827902	7333.865911
2000	214.133858	105.237479	200.280131	-6.908235	7.621017	15.427284	91.383752	13.288285	37.915627	48844.234869	5608.374942	1115.516200	7342.030701
2001	223.720761	112.380388	208.703184	-7.775629	8.564986	16.695976	97.362811	17.236693	36.923698	51031.020917	5608.768045	1124.049951	7348.435005
2002	221.688200	110.718466	206.103044	-8.728738	9.649357	17.393369	95.133310	13.888044	35.601365	50567.390778	5608.981023	1131.402411	7355.678674
2003	216.264000	106.063530	206.881040	-2.439911	2.852245	10.693051	96.680570	12.910587	39.761288	49330.123187	5610.003485	1133.468170	7359.887139
2004	214.004181	103.789256	204.382210	-2.553382	2.587971	10.586736	94.167286	13.798371	40.003862	48814.655143	5610.749709	1133.973580	7362.592515
2005	209.166054	100.815113	197.190111	-2.878526	2.805856	13.110412	88.839169	18.872599	40.905644	47711.071678	5613.717150	1127.957276	7368.724843
2006	208.131000	100.310426	199.908996	-0.932107	0.877793	9.057796	92.088422	19.523438	33.938361	47474.974470	5615.567245	1128.796987	7369.110197
2007	212.076053	101.884030	198.980342	-6.352132	6.860945	14.434731	88.788319	16.260060	33.897642	48374.846618	5614.923991	1137.621588	7372.723070
2008	223.580153	109.515356	206.861328	-10.223359	11.226166	18.637265	92.796531	17.358233	32.197571	50998.947972	5615.914149	1144.225723	7381.814581
2009	219.339578	109.285137	206.633309	-5.699718	6.078924	13.988984	96.578868	19.217283	34.521045	50031.666819	5620.132086	1141.792309	7389.073952
2010	223.151936	110.992383	212.182745	-4.245698	4.513152	12.149656	100.023192	19.994962	35.677827	50901.271228	5622.614287	1145.384422	7391.668434
2011	208.777270	100.949695	197.916928	-1.679117	1.876978	11.916067	90.089353	18.305000	37.453698	47622.389425	5625.589844	1144.879458	7399.277038
2012	204.008200	97.466114	195.401431	-1.884284	1.878763	9.514990	88.859344	24.277369	31.278644	46534.558062	5630.210483	1138.686830	7401.385636
2013	208.791963	100.033872	197.088090	-4.508450	4.958336	12.928038	88.329999	20.017638	36.773793	47625.740897	5633.540295	1137.980485	7403.171406
2014	230.123016	113.613597	212.319769	-12.165429	13.440271	19.714837	95.810350	18.613337	38.620055	52491.384373	5633.092788	1154.558587	7408.957063
2015	232.805049	115.756490	213.754128	-14.067677	15.504198	21.061230	96.705570	15.813661	41.235116	53103.159687	5631.136701	1177.490381	7422.674387
2016	257.049777	128.538490	228.390942	-24.198348	26.775936	31.759838	99.879655	16.513657	40.748556	58633.416421	5631.049435	1202.343846	7443.451307
2017	233.579357	115.355447	211.202804	-18.335132	20.164749	24.689243	92.978894	18.770808	42.747326	53279.780504	5635.675875	1215.501463	7466.729339
2018	233.744833	111.769322	218.436594	-11.602158	12.838084	16.993900	96.461082	14.694683	45.219615	53317.525897	5639.634280	1229.013731	7478.639584
2019	248.418903	119.348757	227.139736	-17.843647	19.767655	23.627142	98.069589	14.537683	44.724852	56664.701882	5640.516151	1247.385350	7492.804314
2020	244.333802	119.029206	222.142423	-18.974260	20.821777	24.442951	96.837827	19.181013	38.300806	55732.884656	5644.708052	1260.843840	7516.970369
2021	251.593429	122.776977	227.536354	-21.015217	23.149635	26.578887	98.719901	14.968344	44.411550	57388.815857	5646.599770	1282.631738	7531.306673
2022	241.737056	114.700868	226.780724	-12.055558	13.425947	16.699951	99.744536	14.787252	41.139649	55140.563061	5648.997596	1296.353586	7549.675004
2023	255.263716	121.821898	231.027647	-21.450238	23.824182	26.972343	97.585829	17.674448	42.439009	58226.013325	5650.695477	1313.327819	7565.862874
2024	253.538576	121.923923	232.925992	-17.920644	19.697908	22.743760	101.311339	15.821904	39.689031	57832.506486	5654.022540	1327.301218	7585.810228
