# Annual region-averaged outputs (area*landfrac weighted)
# Case: 20260419_coastal_LA_ICB20TRCNPRDCTCBC_TAM
# Years: 1850 - 2014
#
# Variables:
#   GPP: gross primary production (annual sum, gC/m2/yr)
#   NPP: net primary production (annual sum, gC/m2/yr)
#   ER: total ecosystem respiration, autotrophic + heterotrophic (annual sum, gC/m2/yr)
#   NEE: net ecosystem exchange of carbon, includes fire, landuse, harvest, and hrv_xsmrpool flux, positive for source (annual sum, gC/m2/yr)
#   NBP: net biome production, includes fire, landuse, and harvest flux, positive for sink (annual sum, gC/m2/yr)
#   NEP: net ecosystem production, excludes fire, landuse, and harvest flux, positive for sink (annual sum, gC/m2/yr)
#   HR: total heterotrophic respiration (annual sum, gC/m2/yr)
#   FSH: sensible heat (annual mean, W/m^2)
#   EFLX_LH_TOT: total latent heat flux [+ to atm] (annual mean, W/m^2)
#   FPSN: photosynthesis (annual mean, umol/m2s)
#   TOTSOMC: total soil organic matter carbon (annual mean, gC/m^2)
#   TOTVEGC: total vegetation carbon, excluding cpool (annual mean, gC/m^2)
#   TOTECOSYSC: total ecosystem carbon, incl veg but excl cpool but excl product pools (annual mean, gC/m^2)
#
Year	GPP	NPP	ER	NEE	NBP	NEP	HR	FSH	EFLX_LH_TOT	FPSN	TOTSOMC	TOTVEGC	TOTECOSYSC
1850	386.997138	7786.873781	-1507.380331	-1900.256944	2007.287516	2001.670702	5892.496308	30.031794	77.445346	88274.592648	74210.034709	218101.951404	352703.955510
1851	393.283187	2595.930424	3942.330270	11261.736695	-12225.414479	-3776.696003	6144.977503	25.270029	80.486465	89708.449128	74195.870711	213440.292315	347863.711252
1852	397.620234	2481.450695	3949.798125	3887.245563	-4138.691457	-3784.702077	6033.628588	28.168333	76.928297	90697.735778	74171.490191	206269.506847	339981.262273
1853	404.135623	3853.876953	2649.715389	3042.302292	-3182.871115	-2378.441665	6099.456711	26.061465	76.850900	92183.905261	74164.148516	203508.134292	336631.706241
1854	386.930352	5696.619427	647.356899	2089.535043	-2522.008448	-222.889819	5957.045980	27.945620	77.486612	88259.358658	74196.857977	200867.309224	333798.411318
1855	376.229160	6799.017261	-1044.262984	-1308.411263	1463.547459	1583.039656	5378.525114	28.454414	75.636763	85818.401508	74138.692743	200228.823531	332936.273275
1856	373.706465	6372.858065	-263.948969	-651.884379	725.182745	710.526778	5735.202631	26.495267	78.329686	85242.971182	74057.914007	200783.355565	333374.145890
1857	336.871547	7768.307196	-2240.224910	-2536.152010	2747.346787	2788.336942	5191.210734	33.666115	69.863390	76840.874647	74056.748386	201806.206929	334617.293915
1858	350.542373	6745.713098	-754.274538	380.243314	-405.660179	1175.794676	5640.896181	28.437433	74.313346	79959.209400	74039.716478	203065.869557	336041.573397
1859	375.892239	5503.774052	1340.040936	1360.928084	-1488.139107	-1069.319055	6467.922745	27.288203	73.272369	85741.549513	73931.007102	203054.652507	335257.435427
1860	366.846209	6326.074089	160.691543	-202.922645	207.013475	210.403252	6119.919427	25.323370	76.657241	83678.137351	73952.495683	202859.276410	334379.064860
1861	341.917714	8316.358715	-2157.709039	-2497.358031	2662.455580	2665.048614	5816.731964	28.154584	76.687443	77991.912465	74041.764596	204158.805196	335632.440280
1862	318.868596	9424.206927	-3239.186437	-3556.815281	3756.910339	3758.198255	5866.151902	30.849574	74.004194	72734.376205	74210.060730	206671.810262	339002.319804
1863	358.271065	4792.986429	1313.807119	956.551286	-1154.925934	-1153.832648	5748.522485	33.471300	73.942568	81722.134790	74457.597741	208195.512462	340388.706880
1864	375.360838	4203.867805	1574.207345	1200.149112	-1323.013505	-1321.664646	5402.714306	31.710095	76.006598	85620.336023	74514.961250	207428.208836	339460.334642
1865	380.861590	4192.513197	2417.278943	2036.648522	-2232.065204	-2231.799277	6228.930548	28.983124	78.660565	86875.065395	74505.646847	206593.601131	338295.943208
1866	353.367672	6054.049042	-136.171125	-488.298433	501.645853	502.932276	5564.510248	31.253605	73.160974	80603.663929	74490.464358	205592.975637	337390.686944
1867	387.238853	6255.632561	-112.291814	-498.369105	481.329200	482.577798	5756.101899	29.610273	77.639781	88329.728222	74380.069861	205803.801117	337339.442512
1868	399.121457	6039.130539	175.161667	-222.571722	196.217689	197.654262	5815.170753	26.508085	80.274640	91040.166971	74236.107693	206311.065559	337420.781517
1869	392.863325	5762.054667	575.992247	183.399041	-262.929893	-262.619252	5945.183599	24.865612	79.272915	89612.678046	74153.062256	206822.078972	337567.876078
1870	389.877278	7796.179668	-1588.905172	-1978.520401	2072.276440	2072.580295	5817.397214	29.812380	78.198635	88931.556665	74162.299426	207791.111577	338468.663694
1871	389.195933	2732.863534	3902.401701	5139.581845	-5784.126375	-3741.004698	6246.069301	24.169813	81.850336	88776.140882	74217.065082	206666.464168	337127.869364
1872	401.699638	2788.028814	3625.160982	3587.643515	-3836.570975	-3451.383942	6011.490157	26.987135	78.408388	91628.253666	74241.935649	202962.032184	332676.856036
1873	411.636745	4234.861441	2298.657461	1881.226000	-2006.946933	-2012.714849	6121.882160	24.887886	78.362993	93894.921539	74248.183893	200957.991323	330081.765495
1874	384.120113	6533.451191	-38.699666	2143.640004	-2161.710648	484.996982	6110.631413	27.454268	78.243012	87618.339177	74338.943739	198862.130429	327960.758436
1875	375.581682	7620.222116	-1895.474160	-1413.156864	1599.209644	2465.667334	5349.166274	28.587497	75.776674	85670.710999	74288.804756	198513.128552	327391.586247
1876	375.080279	6803.607351	-719.804491	-1092.072618	1193.996407	1196.897417	5708.722580	26.140718	78.887047	85556.340178	74173.839351	199359.819360	328084.130443
1877	336.530743	8156.207055	-2588.239207	-2628.798008	2854.410825	3166.805407	5231.437107	33.179060	70.533292	76763.136659	74196.583359	200569.839467	329536.856582
1878	349.674930	7275.146340	-1285.099542	-789.973105	894.771011	1752.405575	5640.371875	27.932465	75.022730	79761.344210	74180.822247	202459.876377	331622.070024
1879	375.794223	6000.122872	914.410334	541.489212	-598.609342	-595.619457	6538.738987	26.461293	74.336914	85719.191716	74091.229224	203475.054221	331899.022074
1880	366.182265	6872.685784	-324.606821	-34.850377	-5.287149	746.010268	6181.896694	24.370525	77.805743	83526.690852	74135.337156	203456.942741	331326.106129
1881	339.750302	8900.684103	-2664.169128	87.901981	-9.339801	3208.331615	5896.764674	27.708725	77.310089	77497.522823	74240.700189	203103.026680	331075.172843
1882	315.171550	10785.827769	-4757.580088	-4220.487342	4599.701112	5467.286299	5713.076126	30.659659	74.257913	71891.074796	74363.735131	204317.083958	332995.540549
1883	345.190958	10037.717405	-4022.882972	-4375.621163	4747.162693	4738.597627	5669.643474	33.321707	74.095118	78738.544126	74421.768662	208675.820002	337336.471121
1884	339.114450	9186.283785	-3355.845838	-1362.187057	1568.705907	4008.776155	5491.323499	31.465615	76.045279	77352.484146	74389.943880	211395.387595	340129.772735
1885	328.235711	7970.971164	-1117.131136	-1003.804407	1099.728541	1546.385542	6525.604325	28.294704	78.960155	74871.028262	74446.096742	212808.032550	341410.101161
1886	293.287095	9729.267980	-3503.341879	-3398.058423	3703.895350	4124.468765	5932.638995	30.196053	73.637625	66899.199652	74573.012645	214366.506747	343532.783390
1887	308.438391	9231.849809	-2719.463270	-3029.693242	3278.116698	3276.509885	6203.948143	28.906907	77.710035	70355.231469	74625.557990	217851.348979	346859.025550
1888	305.914391	8511.137503	-1906.248173	-1379.050593	1554.147734	2409.578321	6298.974949	25.889373	79.998558	69779.503620	74637.900948	220244.613153	348880.516141
1889	304.640415	7536.523389	-974.158086	-545.280830	635.980076	1377.100305	6257.724892	24.310702	79.070465	69488.907860	74626.359891	221792.715670	350000.298684
1890	298.906409	9554.800675	-2954.348649	-2586.012169	2820.778973	3524.525275	6301.545615	29.923608	77.140720	68180.973259	74719.680878	223191.283978	351474.841169
1891	294.323056	-161.765349	7129.959431	7571.304039	-8336.302242	-7593.236283	6673.871009	24.626108	80.504728	67135.503789	74903.921479	221746.885395	349915.185480
1892	296.748085	-17.573869	6767.785194	7074.402200	-7784.534051	-7174.928791	6453.463224	27.861797	76.699597	67688.656455	75095.314871	215502.410968	342778.567844
1893	325.996347	2426.994534	4344.583652	4017.754389	-4468.492943	-4469.150588	6445.581834	26.432858	76.092946	74360.226301	75182.004797	211113.353529	337634.892652
1894	340.453533	4599.021596	1846.786632	2363.450543	-2570.915390	-1696.947663	6105.354703	28.658949	76.459867	77657.930663	75201.455684	208461.251090	334434.796616
1895	335.111549	6180.173105	-263.310829	1649.615191	-1787.462259	608.368599	5581.750725	29.325798	74.366400	76439.416512	75116.948258	206082.925119	331782.919014
1896	342.764666	5800.962043	242.508678	1258.451496	-1284.016978	88.966794	5700.706051	27.579783	76.898668	78185.103219	74941.013592	203896.710333	329359.014793
1897	330.880348	6990.668185	-1515.335193	-1850.175515	1996.021567	1992.241974	5144.452653	34.094283	69.264151	75474.273841	74815.609056	203530.245408	329117.220086
1898	347.752862	6420.510542	-263.483608	154.886675	-119.796967	658.398910	5809.274072	28.941552	73.653966	79322.917951	74769.906332	204531.462865	330335.848674
1899	371.843049	5433.210836	1510.052378	4039.315280	-4290.318089	-1231.391050	6571.420164	27.780837	72.659109	84817.923651	74666.157127	203281.069358	328322.599864
1900	366.447805	6337.432653	192.973047	-168.659323	204.358448	209.875812	6163.957898	25.067613	76.816202	83587.260786	74638.207997	201703.776232	326019.557513
1901	357.226374	8008.797861	-1910.980626	-2274.443938	2480.402029	2474.026201	5740.590861	27.576520	77.272841	81483.839201	74667.230708	203073.651394	327187.001671
1902	324.987192	9591.698436	-3400.467771	-3723.016290	4031.537479	4034.322571	5866.243476	30.507737	74.132224	74130.036510	74804.415548	205401.664910	330345.406602
1903	354.188082	7502.469882	-1510.081738	-1088.321522	1144.160747	1928.408207	5638.200060	33.332050	73.783687	80790.800649	74974.828971	207806.362970	332641.743282
1904	357.007192	7273.021173	-1546.749328	674.670494	-663.523561	2015.925685	5369.264668	32.274025	75.016962	81433.843471	74900.386886	208055.122485	332990.245803
1905	360.091821	6450.571450	217.912371	-136.907652	104.387243	110.287941	6308.392000	29.767863	77.422850	82137.451788	74859.432551	208156.139624	332885.657662
1906	341.719973	7599.679195	-1681.299459	-1297.232666	1447.681323	2181.593234	5576.659755	30.821342	73.120676	77946.807353	74845.376949	208724.656951	333542.419648
1907	359.669867	7405.972434	-1107.019286	-738.523932	824.959988	1560.911307	5939.283276	28.954463	77.654854	82041.203571	74782.158004	209693.538459	334327.730205
1908	361.124771	7061.474292	-742.240423	-218.481117	283.258669	1177.497814	5958.109106	26.442427	79.569581	82373.069250	74703.346444	210347.126934	334604.540491
1909	361.940684	6427.397634	-39.936197	-402.933777	396.768686	395.837846	6025.520757	25.210004	78.288775	82559.180177	74623.813772	211204.270281	335062.994503
1910	355.812069	8269.881212	-1957.499007	-2309.993301	2468.410094	2472.211122	5956.570141	30.295939	76.980213	81161.234498	74637.289634	212675.594954	336411.718373
1911	356.501587	3509.586033	3218.159718	3625.607803	-3794.174664	-3021.601073	6371.244150	24.487219	80.825533	81318.514488	74714.154777	212658.797213	336160.834260
1912	359.244064	3596.176433	2982.243454	2625.112690	-2759.511540	-2756.884762	6219.175815	27.773625	76.896340	81944.077178	74770.043889	210382.480667	333220.010912
1913	377.740773	5096.122640	1505.156125	1131.238609	-1155.585577	-1151.211066	6223.537990	26.076314	76.486667	86163.202675	74778.921864	209190.434625	331525.075091
1914	368.234479	6829.898688	-391.961632	-759.884558	898.901708	899.743182	6069.702569	28.002192	77.017600	83994.803678	74790.216752	209139.851166	331352.714605
1915	358.322418	7936.429803	-2037.267287	-2391.453194	2654.849899	2659.572322	5540.840097	28.522751	75.060486	81733.848459	74753.747606	210526.063621	332672.935197
1916	358.655401	7070.174047	-946.523083	-910.814511	1029.978161	1446.005222	5764.995572	25.934965	78.304071	81809.802412	74659.844998	211658.776682	333773.195510
1917	320.521238	8420.489222	-2763.210506	-3082.918111	3384.005543	3385.440826	5336.757478	32.641865	70.277094	73111.346128	74697.486942	212705.716484	335274.331425
1918	336.327937	7834.393059	-1615.667452	-1947.489953	2150.824175	2155.953103	5882.397666	27.929650	74.278462	76716.876596	74724.682682	215174.792624	338183.690852
1919	357.142789	6586.863695	492.734256	850.005925	-856.836732	-134.207790	6722.455162	26.798590	73.344296	81464.773647	74670.746979	216427.919309	338906.577537
1920	345.037114	7435.815770	-741.943830	-1080.309786	1186.555908	1193.902126	6348.834826	24.534419	76.996980	78703.451875	74715.920112	216704.646967	338741.410917
1921	342.668526	8791.988238	-2358.739353	-1980.051838	2217.235319	2946.901270	6090.580370	21.773285	80.246028	78163.173604	74806.542022	218196.033220	340297.430811
1922	345.796280	9132.648682	-2246.179896	-2585.124639	2809.889777	2817.430159	6540.672511	20.212436	84.137942	78876.618853	74899.617315	220348.097193	342536.042786
1923	348.613385	9958.683636	-3059.211571	-3402.926436	3686.395268	3691.966350	6550.858684	20.983806	83.338130	79519.204496	74974.640690	223633.897989	345695.305983
1924	289.751383	12723.019317	-7357.275949	-7642.089777	8289.733742	8295.344357	5075.991986	33.755676	67.391229	66092.698859	75053.107612	227343.113312	350308.614165
1925	302.915959	11577.617736	-4946.036526	-5243.991173	5717.425714	5723.061304	6328.665243	29.584817	70.164956	69095.557176	75193.635341	233055.463746	357774.303124
1926	317.767636	8610.473932	-1460.491598	-1771.543408	1899.521038	1907.155009	6832.214697	26.677239	74.695556	72483.245672	75210.828851	237216.772241	361226.274936
1927	310.529697	10673.943188	-3491.016292	-3796.564768	4080.840068	4086.490444	6872.397201	19.878756	84.243859	70832.261602	75369.724261	239440.445934	363491.314780
1928	310.147961	10460.320032	-3744.395788	-4049.578090	4358.624900	4364.253284	6405.776286	24.922064	80.335960	70745.187092	75427.149073	243643.664104	367681.965518
1929	301.781541	9853.954285	-2785.415560	-1856.978165	2062.676888	3293.553257	6766.757183	26.214990	77.792705	68836.794884	75474.436893	246472.928749	370662.193964
1930	292.302839	10821.895969	-4092.735830	-4376.737011	4703.825862	4712.777800	6436.857303	28.207249	73.768916	66674.689495	75572.394745	249155.902882	373677.616907
1931	295.389405	10309.718556	-3791.862483	-4082.357692	4399.210088	4404.747220	6222.466672	25.940221	74.041877	67378.739606	75631.417990	253173.018949	378258.914900
1932	300.955684	9071.940689	-1818.352745	-2114.461065	2271.967369	2277.449928	6952.632257	24.519203	78.544655	68648.415671	75671.170335	255881.374762	381165.611314
1933	303.075637	9270.109764	-2138.213499	-2439.632705	2656.740585	2658.988228	6828.820627	22.410078	76.696452	69131.979846	75776.562125	257665.317661	383099.120661
1934	298.407221	11830.014900	-4626.568846	-4919.237434	5313.430585	5319.838601	6905.038831	27.261947	79.262501	68067.107673	75887.607755	261200.179569	386972.965181
1935	296.336378	10518.165935	-3290.522588	-3582.185491	3868.308491	3873.584684	6931.306982	20.959638	81.331465	67594.745458	75978.687235	264995.798014	391082.052852
1936	287.080714	10991.402580	-4213.511630	-3767.131836	4111.188868	4853.018064	6490.810239	25.460833	74.939757	65483.515517	76049.179533	268086.311732	394776.906885
1937	280.099939	11032.019645	-4049.414778	-4322.972412	4655.864653	4663.005796	6702.504934	26.279499	77.930589	63891.190850	76103.124156	271518.166192	398940.028817
1938	278.144575	10824.532703	-3848.506310	-4122.220021	4466.559286	4471.554167	6697.881815	25.721579	74.995037	63445.169715	76174.028808	274551.222829	402877.913491
1939	269.833671	10638.108354	-3783.516373	-4049.012496	4361.693168	4366.581252	6584.758304	25.969553	76.282614	61549.440547	76226.572558	277966.612569	407050.660932
1940	265.270893	8608.831453	-1318.003377	-1579.047914	1707.470849	1712.232106	7025.557177	26.859714	71.615175	60508.664555	76268.498408	280645.015272	410267.313191
1941	272.269664	9880.968062	-2768.386793	-3036.540466	3298.611481	3303.249556	6840.311610	23.697329	77.928433	62105.094186	76332.888813	282397.030682	412388.125946
1942	270.452122	10152.565661	-3013.149253	-2597.447109	2860.375497	3554.319418	6868.964289	25.083565	81.698063	61690.510103	76384.014487	284679.438407	415248.309821
1943	263.942564	9736.795529	-2586.332651	-2844.464203	3084.918024	3091.246298	6886.520318	27.136792	73.692041	60205.670818	76422.989727	286839.746981	417961.223811
1944	264.947579	8868.509445	-1436.983169	-1698.092859	1841.786759	1846.109861	7166.578694	28.003139	72.635003	60434.916059	76463.585649	288694.801635	420186.335802
1945	268.804589	9543.928918	-2388.715568	-2653.780758	2884.118354	2888.330347	6886.408758	26.505125	78.063911	61314.705499	76486.986594	290300.078241	422265.415328
1946	267.391808	9569.389486	-1961.952738	-2225.695453	2395.955702	2400.064899	7340.044947	25.439298	79.712188	60992.448169	76522.299949	292422.426505	424824.710145
1947	256.086053	9215.341997	-2093.703467	-2346.249266	2516.709541	2520.695905	6865.552478	27.977535	73.004762	58413.589624	76549.942441	294205.287165	427060.893339
1948	254.057584	10768.630425	-3958.972934	-4209.598272	4521.336396	4525.202077	6555.599918	28.356483	73.384739	57950.892885	76562.422228	296462.803689	430176.221406
1949	255.690739	8510.640261	-974.108920	-1226.652057	1326.228568	1329.730143	7280.840603	26.112216	76.890447	58323.417933	76588.876444	298858.344171	433241.580884
1950	255.961862	8617.149256	-1472.005286	-1725.306514	1892.251289	1895.211258	6889.182102	26.305702	74.291937	58385.261451	76618.610395	299454.944975	434200.009800
1951	249.412322	8813.522580	-2023.793092	733.304227	-589.421111	2447.691405	6540.317167	29.465063	72.830719	56891.302175	76629.293311	299249.919717	435099.955044
1952	248.350198	8946.013648	-1998.181650	-2236.275623	2417.589896	2428.151199	6699.481801	27.813515	73.614943	56649.030223	76647.530092	298811.646539	435448.167952
1953	243.918475	8026.344650	-543.047134	-785.208617	856.611755	858.580612	7239.379037	25.763537	72.444461	55638.147820	76675.331161	299662.765641	436933.658283
1954	245.818805	9290.611634	-2706.952298	-2284.719530	2526.635625	3202.028132	6337.840528	28.767347	71.288782	56071.615930	76676.084124	300672.246971	438762.130812
1955	244.939428	8053.447078	-938.008260	-1179.249892	1296.853277	1300.814561	6870.499395	26.921936	76.091503	55871.028791	76678.045726	301678.131975	440706.246540
1956	246.965127	8800.495358	-1898.582656	-2143.604805	2305.748951	2307.945016	6654.947576	28.576838	73.505996	56333.093620	76685.329607	302391.186212	442108.100690
1957	245.628544	7303.922911	169.661243	-73.965415	94.343410	96.603168	7227.955609	27.502961	76.689200	56028.217149	76689.093333	303036.082926	443311.156225
1958	242.924938	8074.482192	-909.220886	-1150.120581	1255.859745	1258.143482	6922.336367	28.236101	74.525262	55411.520747	76704.293862	303147.025526	443870.559111
1959	244.642338	7189.131451	337.403712	94.767548	-101.470466	-99.209665	7281.892819	28.868150	71.043672	55803.262151	76718.489469	303286.500898	444424.982231
1960	240.290302	8756.392141	-2169.183577	-205.297520	400.149001	2626.374164	6346.918255	31.946204	71.799399	54810.556514	76717.068736	302651.034487	444469.749400
1961	244.376246	7503.262446	-261.052878	159.888312	-126.778766	545.855563	6997.833319	29.659568	74.112158	55742.566111	76714.399925	302000.078697	444600.334164
1962	241.442649	7931.584006	-1243.167787	1334.708278	-1247.357944	1627.817148	6446.973571	31.526756	68.468997	55073.408536	76703.300906	300247.161110	443526.753628
1963	237.920897	8869.576676	-2449.929982	-2682.151729	2909.776589	2915.819951	6181.725786	32.853916	69.043236	54270.091868	76681.769714	299951.413016	444337.345372
1964	242.683225	6446.200556	658.106518	2929.174055	-2987.511027	-447.795612	6861.623851	29.468996	73.342547	55356.385707	76677.677979	299093.214197	444233.868124
1965	238.827634	7199.426013	-541.673923	-140.669689	187.136373	861.254304	6418.924457	30.164066	71.706997	54476.919871	76659.907007	297116.427754	442909.514849
1966	236.832464	7033.333329	190.484378	-45.423380	55.869319	57.082720	6986.985235	31.425199	70.372101	54021.818778	76653.545484	296597.861801	442831.738545
1967	239.879596	6863.008656	30.235652	789.643571	-826.242591	247.511091	6653.364706	30.658749	74.643760	54716.873999	76638.477398	295774.332782	442419.211544
1968	235.105917	7508.107330	-994.125828	603.027985	-502.550364	1348.594134	6278.875586	31.746796	73.074853	53627.991082	76619.223766	294435.827287	441763.697713
1969	232.032094	7181.402878	-435.315530	6477.131432	-6711.792060	738.062280	6514.055254	30.043843	72.283085	52926.847514	76597.109723	289911.914303	437862.084081
1970	228.191583	6244.784719	565.528092	1548.795939	-1592.023769	-352.141266	6582.121225	31.443415	72.047438	52050.821792	76563.483426	285427.107167	433961.944059
1971	228.400540	6134.310577	633.811084	2782.114026	-2966.571768	-429.208138	6539.721121	31.125804	71.501010	52098.485192	76518.640693	282864.958111	431739.206099
1972	228.394256	7125.404094	-293.607634	-521.580147	579.954424	580.600897	6603.402202	30.772022	75.664770	52097.051719	76459.494901	281353.105020	430290.958322
1973	226.905691	5484.156927	1506.790950	2235.867074	-2343.360989	-1387.202357	6764.042181	30.039848	71.294422	51757.507928	76406.354025	280611.215825	429752.718350
1974	227.427894	4536.505483	2699.664632	3100.490253	-3343.722570	-2681.524644	7008.742228	29.538563	67.687380	51876.623078	76355.148937	277928.747024	426773.497875
1975	228.615669	5445.174522	1965.753887	1740.490935	-1889.163842	-1885.510749	7182.312744	31.238658	68.243937	52147.556245	76317.164933	275786.036301	424286.428070
1976	226.795910	7328.538104	-932.922140	626.119249	-528.257183	1275.805482	6168.820050	32.465859	69.143070	51732.466733	76282.240595	274498.891364	422992.211395
1977	223.236584	5494.915582	1556.524018	1952.848742	-2067.512923	-1441.573383	6828.203013	29.678966	70.466120	50920.579376	76259.808577	273175.519826	421985.882309
1978	221.412302	6382.666372	561.097047	342.864396	-378.741401	-375.348464	6722.351113	33.867577	66.600125	50504.458207	76238.436009	272229.996120	420842.727479
1979	221.259913	5887.962670	1088.526775	1492.062091	-1561.819821	-930.445851	6755.229534	33.348769	68.306008	50469.697937	76213.948840	271426.401996	419833.118080
1980	222.245527	6480.521273	496.328242	277.257308	-301.592444	-298.208387	6754.603982	31.677606	68.177606	50694.518043	76188.433021	270504.611682	418711.522131
1981	227.782433	6889.009712	-447.348761	-673.707193	737.151249	738.763302	6213.878520	30.002638	71.842611	51957.494061	76162.373818	270806.571857	419231.747859
1982	227.890735	5756.944433	1355.644464	1129.146330	-1225.852513	-1224.275563	6884.698161	30.272874	72.227735	51982.197824	76145.508710	270515.907556	418996.989540
1983	230.647172	6887.419812	105.893479	-123.392809	135.591060	137.134612	6762.666115	32.301062	70.733858	52610.944994	76132.454140	270147.204383	418362.161764
1984	234.220817	5478.251222	1299.936710	1067.055857	-1149.678111	-1148.156431	6543.967111	28.915876	70.183505	53426.098489	76123.900321	269927.532320	418210.134964
1985	230.890703	6978.205429	-214.898047	-15.325726	12.777199	485.861138	6532.416675	31.404215	71.000711	52666.494724	76109.879723	269274.204784	417631.564616
1986	235.972939	6588.576826	248.984505	15.496255	-13.174162	-10.394385	6601.588394	30.229686	71.241536	53825.759869	76095.758229	269014.863623	417415.264683
1987	237.892048	7330.145199	-602.297133	-838.899080	901.708239	903.174314	6489.956021	28.863628	73.976288	54263.511386	76087.761042	269369.688736	417728.633150
1988	234.899702	5978.066446	1008.956904	1369.706748	-1470.095742	-867.929766	6752.123652	29.376027	70.905954	53580.953154	76083.394509	269166.651542	417649.352960
1989	234.166160	6775.072660	82.320265	-148.951468	155.740982	158.823906	6623.226758	31.511653	72.753260	53413.631008	76074.199013	268459.727552	416811.169183
1990	240.887234	6989.132851	-312.007195	-551.663988	579.290311	580.693563	6436.238421	29.481098	72.742567	54946.717496	76068.999570	268562.774600	416964.730736
1991	235.820432	5670.522959	2023.207896	1788.606921	-1972.432931	-1971.041341	7457.910423	30.447311	68.870663	53790.972865	76071.040780	268548.088714	416666.512672
1992	237.848745	6992.368389	105.024739	1989.364005	-2112.148681	127.073918	6859.544387	31.186488	71.176902	54253.633870	76072.485911	267144.398380	414810.477886
1993	237.003464	7233.554703	-307.106646	-537.105236	547.780116	555.275093	6689.444590	30.143758	73.719131	54060.824290	76075.536373	266318.740700	413809.957843
1994	237.837985	6951.039000	72.928956	-163.731554	137.004792	138.352267	6786.129974	28.468084	73.679214	54251.179549	76082.895097	266665.688139	414188.140751
1995	239.556670	7298.230216	-357.941710	-596.322755	614.748262	616.094316	6700.731837	29.478194	74.636169	54643.214023	76084.213590	267060.405834	414410.715038
1996	240.473262	6510.192276	220.461946	-18.837441	-21.194915	-19.850522	6490.180958	28.977633	75.433871	54852.289975	76092.172431	267445.128611	415046.268386
1997	238.100783	7910.024432	-894.615025	-546.192981	566.609448	1184.912824	6777.308623	28.907427	73.769171	54311.124147	76106.358709	267432.596752	414939.879529
1998	241.120435	7350.120255	-461.703925	-45.583470	26.399580	690.883333	6647.295891	30.327675	69.798392	54999.911092	76105.498338	267883.912789	415559.784157
1999	243.756986	7757.277165	-865.192715	-1105.979295	1153.080898	1156.242042	6648.327473	28.251298	69.759439	55601.311925	76104.184004	268065.517546	415750.752580
2000	236.545655	7907.590479	-1585.778700	-1823.537210	1960.526918	1959.453984	6085.266116	30.215356	68.925555	53956.397175	76113.272392	269185.075479	417452.181169
2001	244.817845	7103.658726	58.155069	-185.561272	158.355693	159.617320	6916.995943	28.967051	73.440313	55843.295357	76144.193745	270014.248345	418548.970844
2002	244.107148	6194.342775	1178.943506	1600.767557	-1753.166821	-1079.979995	7129.179128	29.118841	71.036574	55681.184427	76166.616059	269675.717813	417939.901636
2003	248.408858	7018.678479	248.457339	2.953139	-86.495732	-83.413717	7018.726960	29.134309	66.916485	56662.410682	76186.399622	269187.549270	417066.573124
2004	254.169888	7754.389217	-422.433659	-675.561282	651.865246	653.066333	7077.785662	27.534511	74.080926	57976.509597	76210.062962	269714.111456	417266.391494
2005	259.607292	7827.115440	-770.877689	-1029.459683	1030.966128	1032.149167	6796.630460	25.507731	71.426087	59216.789228	76230.018090	270532.692549	417917.755893
2006	263.391069	8103.532850	-1486.283944	-1748.660939	1847.789962	1848.956336	6353.857840	26.846220	72.438473	60079.874025	76244.743804	271857.276018	419679.150294
2007	261.941005	7277.327215	-78.720962	-344.844747	313.914221	309.595935	6936.665250	26.172662	75.150734	59749.112333	76274.867719	272698.817850	420727.696580
2008	265.790082	7176.448410	-85.332004	-350.187828	297.458123	298.535387	6825.326317	25.612007	74.113952	60627.092257	76303.998653	272974.702061	420905.127886
2009	267.326602	7843.895261	-870.594458	-1136.992180	1166.899654	1167.963126	6705.974204	27.051703	73.454798	60977.574780	76326.201229	273563.495654	421782.154895
2010	268.081156	7980.298694	-1281.345454	-1548.532604	1580.489482	1581.519089	6430.872082	25.957473	70.137686	61149.689458	76358.678870	274358.134135	422792.978727
2011	268.373052	9189.503102	-3149.789373	-3417.308613	3635.504035	3636.484260	5771.340677	28.317110	71.406241	61216.271311	76368.412674	276059.960125	425430.220884
2012	279.295109	7810.846925	-450.497053	-728.964204	733.386095	734.344755	7081.054762	25.349904	77.833017	63707.608004	76395.807840	277602.296745	427456.788083
2013	271.880262	6254.008857	1410.357379	2686.131741	-2967.808897	-1315.357953	7392.485978	30.636540	68.373266	62016.270932	76420.416875	276901.164030	426427.220362
2014	271.330910	7363.071245	-238.846303	-505.138201	462.852053	468.296045	6852.894035	27.752582	75.097945	61890.962995	76443.417066	276210.562548	425604.433053
